[monroe.jpg]
filters=PencilSketch=1,1.300000,65.497078,15.204679;
moddate=0000daeb0bd10000
width=4288
height=2848
textactive=0
